 Time: 3633.71140 milliseconds 

 Top left corner of matrix A: 
           2           2           2           2           2           2
           2           2           2           2           2           2
           2           2           2           2           2           2
           2           2           2           2           2           2
           2           2           2           2           2           2
           2           2           2           2           2           2

 Top left corner of matrix B: 
           3           3           3           3           3           3
           3           3           3           3           3           3
           3           3           3           3           3           3
           3           3           3           3           3           3
           3           3           3           3           3           3
           3           3           3           3           3           3

 Top left corner of matrix C: 
       60000       60000       60000       60000       60000       60000
       60000       60000       60000       60000       60000       60000
       60000       60000       60000       60000       60000       60000
       60000       60000       60000       60000       60000       60000
       60000       60000       60000       60000       60000       60000
       60000       60000       60000       60000       60000       60000
