 Time: 504.53660 milliseconds 

 Top left corner of matrix A: 
           2           2           2           2           2           2
           2           2           2           2           2           2
           2           2           2           2           2           2
           2           2           2           2           2           2
           2           2           2           2           2           2
           2           2           2           2           2           2

 Top left corner of matrix B: 
           3           3           3           3           3           3
           3           3           3           3           3           3
           3           3           3           3           3           3
           3           3           3           3           3           3
           3           3           3           3           3           3
           3           3           3           3           3           3

 Top left corner of matrix C: 
       30000       30000       30000       30000       30000       30000
       30000       30000       30000       30000       30000       30000
       30000       30000       30000       30000       30000       30000
       30000       30000       30000       30000       30000       30000
       30000       30000       30000       30000       30000       30000
       30000       30000       30000       30000       30000       30000
