 Time: 12852.47499 milliseconds 

 Top left corner of matrix A: 
           2           2           2           2           2           2
           2           2           2           2           2           2
           2           2           2           2           2           2
           2           2           2           2           2           2
           2           2           2           2           2           2
           2           2           2           2           2           2

 Top left corner of matrix B: 
           3           3           3           3           3           3
           3           3           3           3           3           3
           3           3           3           3           3           3
           3           3           3           3           3           3
           3           3           3           3           3           3
           3           3           3           3           3           3

 Top left corner of matrix C: 
       90000       90000       90000       90000       90000       90000
       90000       90000       90000       90000       90000       90000
       90000       90000       90000       90000       90000       90000
       90000       90000       90000       90000       90000       90000
       90000       90000       90000       90000       90000       90000
       90000       90000       90000       90000       90000       90000
